TAZID,commercial,resident,industrial,public,transport,other
0,0.166666,0.159943,0.16261,0.155391,0.183145,0.172244
1,0.160554,0.156126,0.165868,0.15555,0.189386,0.172515
2,0.158377,0.154205,0.166659,0.154963,0.193204,0.172592
3,0.16111,0.156471,0.165679,0.15597,0.188221,0.172549
4,0.16215,0.157054,0.165191,0.156365,0.186728,0.172512
5,0.161078,0.156499,0.165699,0.155715,0.18836,0.172647
6,0.161976,0.157038,0.16521,0.156143,0.186939,0.172695
7,0.172397,0.1714,0.159494,0.15002,0.171061,0.175627
8,0.172397,0.1714,0.159494,0.15002,0.171061,0.175627
9,0.160756,0.156245,0.165725,0.155845,0.18882,0.172609
10,0.166737,0.159897,0.162604,0.155516,0.183026,0.17222
11,0.16337,0.157995,0.164684,0.156163,0.185274,0.172513
12,0.163108,0.157928,0.164799,0.156056,0.185474,0.172636
13,0.161627,0.156748,0.165516,0.156032,0.187479,0.172598
14,0.158611,0.154565,0.166707,0.155089,0.192361,0.172667
15,0.166947,0.159679,0.16248,0.155572,0.182346,0.172977
16,0.161768,0.1572,0.165465,0.156119,0.187018,0.17243
17,0.174787,0.168613,0.15404,0.153424,0.176109,0.173027
18,0.16061,0.156214,0.165665,0.15575,0.18904,0.17272
19,0.161464,0.156843,0.165559,0.155818,0.187665,0.172651
20,0.159099,0.1551,0.165965,0.156252,0.190416,0.173168
21,0.172397,0.1714,0.159494,0.15002,0.171061,0.175627
22,0.161199,0.156686,0.165676,0.155774,0.187991,0.172675
23,0.158721,0.154558,0.166601,0.154849,0.192413,0.172858
24,0.174787,0.168613,0.15404,0.153424,0.176109,0.173027
25,0.160268,0.15598,0.166177,0.155415,0.189683,0.172477
26,0.164864,0.158754,0.164215,0.155431,0.18433,0.172407
27,0.158821,0.153796,0.166938,0.154544,0.192933,0.172968
28,0.163247,0.158113,0.164941,0.156035,0.185483,0.172181
29,0.169699,0.162319,0.159593,0.155261,0.181144,0.171984
30,0.166701,0.159988,0.162589,0.155455,0.183174,0.172094
31,0.174787,0.168613,0.15404,0.153424,0.176109,0.173027
32,0.174787,0.168613,0.15404,0.153424,0.176109,0.173027
33,0.172397,0.1714,0.159494,0.15002,0.171061,0.175627
34,0.166674,0.159917,0.162555,0.1554,0.183028,0.172425
35,0.162002,0.15699,0.165196,0.156287,0.186893,0.172632
36,0.161988,0.157067,0.165412,0.156021,0.186877,0.172636
37,0.174787,0.168613,0.15404,0.153424,0.176109,0.173027
38,0.172397,0.1714,0.159494,0.15002,0.171061,0.175627
39,0.172397,0.1714,0.159494,0.15002,0.171061,0.175627
40,0.166618,0.160018,0.162626,0.155341,0.18313,0.172265
41,0.172397,0.1714,0.159494,0.15002,0.171061,0.175627
42,0.174787,0.168613,0.15404,0.153424,0.176109,0.173027
43,0.163206,0.158041,0.164816,0.156112,0.185206,0.172619
44,0.163261,0.157967,0.164715,0.156303,0.185134,0.172619
45,0.160458,0.156071,0.166077,0.155461,0.189429,0.172504
46,0.16667,0.16004,0.162442,0.155657,0.182915,0.172277
47,0.163217,0.15799,0.164725,0.155967,0.185607,0.172494
48,0.161335,0.156713,0.16552,0.155995,0.187829,0.172608
49,0.166804,0.159969,0.162499,0.155377,0.182929,0.172421
50,0.166589,0.160135,0.162467,0.155484,0.183343,0.171982
51,0.172397,0.1714,0.159494,0.15002,0.171061,0.175627
52,0.169704,0.162237,0.159772,0.155382,0.180981,0.171924
53,0.163287,0.157944,0.164885,0.156038,0.185143,0.172703
54,0.174787,0.168613,0.15404,0.153424,0.176109,0.173027
55,0.172397,0.1714,0.159494,0.15002,0.171061,0.175627
56,0.172397,0.1714,0.159494,0.15002,0.171061,0.175627
57,0.163296,0.158063,0.164777,0.156002,0.185446,0.172414
58,0.163388,0.157993,0.164776,0.156001,0.184933,0.172908
59,0.174787,0.168613,0.15404,0.153424,0.176109,0.173027
60,0.165073,0.158662,0.163988,0.155768,0.183731,0.172778
61,0.172397,0.1714,0.159494,0.15002,0.171061,0.175627
62,0.158701,0.154103,0.166718,0.155051,0.192698,0.172728
63,0.158478,0.154534,0.166641,0.154489,0.193206,0.172651
64,0.161761,0.157209,0.165417,0.155919,0.187258,0.172435
65,0.15881,0.154591,0.166194,0.155065,0.192321,0.173019
66,0.169446,0.162404,0.159776,0.155218,0.181334,0.171822
67,0.160126,0.156039,0.165906,0.155541,0.18976,0.172629
68,0.166349,0.160327,0.16269,0.155236,0.183992,0.171405
69,0.161995,0.157007,0.165443,0.156022,0.187031,0.172502
70,0.158702,0.154621,0.166396,0.155094,0.192193,0.172994
71,0.166419,0.160144,0.162719,0.155374,0.183637,0.171707
72,0.174787,0.168613,0.15404,0.153424,0.176109,0.173027
73,0.169497,0.162412,0.159711,0.155195,0.181182,0.172004
74,0.166576,0.16003,0.162686,0.155378,0.183269,0.17206
75,0.174787,0.168613,0.15404,0.153424,0.176109,0.173027
76,0.174787,0.168613,0.15404,0.153424,0.176109,0.173027
77,0.158884,0.154256,0.166853,0.155018,0.192609,0.17238
78,0.16304,0.158171,0.16491,0.155703,0.186002,0.172174
79,0.160797,0.156653,0.1658,0.155591,0.188801,0.172359
80,0.162148,0.15729,0.165098,0.156218,0.186543,0.172703
81,0.164652,0.159053,0.164121,0.155541,0.184713,0.171919
82,0.174787,0.168613,0.15404,0.153424,0.176109,0.173027
83,0.161889,0.157162,0.165252,0.156005,0.186901,0.17279
84,0.172397,0.1714,0.159494,0.15002,0.171061,0.175627
85,0.172397,0.1714,0.159494,0.15002,0.171061,0.175627
86,0.172397,0.1714,0.159494,0.15002,0.171061,0.175627
87,0.172397,0.1714,0.159494,0.15002,0.171061,0.175627
88,0.172397,0.1714,0.159494,0.15002,0.171061,0.175627
89,0.15858,0.154339,0.166503,0.154882,0.192945,0.17275
90,0.161805,0.157107,0.16554,0.15592,0.187252,0.172376
91,0.158758,0.15456,0.166568,0.155188,0.192144,0.172782
92,0.163296,0.158188,0.16463,0.155975,0.185311,0.1726
93,0.165063,0.158661,0.164106,0.155557,0.183893,0.172719
94,0.163535,0.158093,0.164601,0.155914,0.184895,0.172962
95,0.162251,0.157544,0.165255,0.15594,0.186561,0.17245
96,0.157944,0.154223,0.166496,0.154936,0.193848,0.172554
97,0.158688,0.154311,0.166666,0.154828,0.1928,0.172707
98,0.158862,0.154605,0.166487,0.154898,0.192182,0.172966
99,0.158573,0.154289,0.166486,0.155047,0.192871,0.172734
100,0.160579,0.156045,0.166022,0.155573,0.189163,0.172619
101,0.158472,0.154264,0.166503,0.154926,0.19306,0.172775
102,0.174787,0.168613,0.15404,0.153424,0.176109,0.173027
103,0.15879,0.154565,0.16632,0.155198,0.192205,0.172922
104,0.158642,0.154582,0.166566,0.155084,0.192492,0.172634
105,0.172397,0.1714,0.159494,0.15002,0.171061,0.175627
106,0.165031,0.158747,0.16409,0.155467,0.184292,0.172374
107,0.169592,0.162094,0.159819,0.155188,0.180841,0.172465
108,0.158844,0.154669,0.16648,0.155103,0.192037,0.172866
109,0.158826,0.154022,0.167243,0.154868,0.192799,0.172241
110,0.174787,0.168613,0.15404,0.153424,0.176109,0.173027
111,0.158922,0.154365,0.166403,0.154957,0.192241,0.173112
112,0.166775,0.159858,0.162829,0.155247,0.18256,0.172731
113,0.158492,0.154602,0.166561,0.155156,0.192545,0.172643
114,0.172397,0.1714,0.159494,0.15002,0.171061,0.175627
115,0.16667,0.159915,0.162621,0.155548,0.182644,0.172602
116,0.158646,0.154471,0.166468,0.155235,0.192411,0.172769
117,0.174787,0.168613,0.15404,0.153424,0.176109,0.173027
118,0.158564,0.154483,0.166551,0.155,0.192475,0.172928
119,0.158918,0.155096,0.166126,0.155697,0.191081,0.173083
120,0.159117,0.155139,0.166507,0.156142,0.190156,0.172939
121,0.162071,0.157049,0.165293,0.156117,0.186928,0.172543
122,0.169542,0.162269,0.159772,0.155125,0.181357,0.171935
123,0.15837,0.154372,0.166721,0.154873,0.192853,0.172812
124,0.158292,0.154345,0.166592,0.154882,0.192984,0.172905
125,0.172397,0.1714,0.159494,0.15002,0.171061,0.175627
126,0.161949,0.157029,0.165505,0.155984,0.187015,0.172518
127,0.160341,0.156206,0.165954,0.155609,0.189433,0.172458
128,0.166732,0.159922,0.162708,0.155302,0.182855,0.172481
129,0.174787,0.168613,0.15404,0.153424,0.176109,0.173027
130,0.169626,0.162255,0.159707,0.15527,0.181058,0.172084
131,0.174787,0.168613,0.15404,0.153424,0.176109,0.173027
132,0.161155,0.156581,0.165646,0.155815,0.188256,0.172546
133,0.172397,0.1714,0.159494,0.15002,0.171061,0.175627
134,0.158637,0.154605,0.166569,0.15481,0.192432,0.172946
135,0.174787,0.168613,0.15404,0.153424,0.176109,0.173027
136,0.167011,0.159844,0.162602,0.155384,0.182371,0.172787
137,0.174787,0.168613,0.15404,0.153424,0.176109,0.173027
138,0.15859,0.154419,0.166369,0.155316,0.192289,0.173017
139,0.174787,0.168613,0.15404,0.153424,0.176109,0.173027
140,0.158788,0.15444,0.166608,0.154948,0.192638,0.172578
141,0.174787,0.168613,0.15404,0.153424,0.176109,0.173027
142,0.162925,0.158279,0.164799,0.155767,0.186785,0.171446
143,0.161088,0.156519,0.165612,0.155781,0.188404,0.172596
144,0.161727,0.157164,0.165369,0.155869,0.187448,0.172422
145,0.161025,0.156452,0.165882,0.155848,0.188498,0.172294
146,0.163135,0.157987,0.164779,0.155996,0.18513,0.172973
147,0.158654,0.154172,0.166665,0.154681,0.193095,0.172733
148,0.166685,0.159998,0.162656,0.155344,0.18344,0.171877
149,0.158886,0.154955,0.166304,0.155645,0.1913,0.17291
150,0.174787,0.168613,0.15404,0.153424,0.176109,0.173027
151,0.166511,0.160096,0.162847,0.155179,0.18356,0.171807
152,0.166272,0.160313,0.162306,0.15568,0.183975,0.171454
153,0.172397,0.1714,0.159494,0.15002,0.171061,0.175627
154,0.172397,0.1714,0.159494,0.15002,0.171061,0.175627
155,0.163199,0.158091,0.164714,0.155971,0.185132,0.172893
156,0.174787,0.168613,0.15404,0.153424,0.176109,0.173027
157,0.158967,0.154997,0.166363,0.155514,0.19079,0.173369
158,0.158615,0.154431,0.166582,0.155016,0.192548,0.172807
159,0.172397,0.1714,0.159494,0.15002,0.171061,0.175627
160,0.174787,0.168613,0.15404,0.153424,0.176109,0.173027
161,0.161674,0.157179,0.165365,0.156032,0.18742,0.17233
162,0.16242,0.15742,0.16527,0.156378,0.185929,0.172583
163,0.161907,0.157108,0.165515,0.155766,0.187168,0.172535
164,0.158828,0.155388,0.166047,0.155564,0.190942,0.17323
165,0.158359,0.154216,0.166652,0.154824,0.19326,0.172689
166,0.174787,0.168613,0.15404,0.153424,0.176109,0.173027
167,0.166668,0.159973,0.162654,0.155444,0.183277,0.171984
168,0.158894,0.155182,0.166091,0.155773,0.191354,0.172706
169,0.174787,0.168613,0.15404,0.153424,0.176109,0.173027
170,0.16664,0.160042,0.162607,0.155408,0.183106,0.172197
171,0.158483,0.154405,0.166705,0.154776,0.192964,0.172666
172,0.16122,0.156684,0.165534,0.155903,0.188103,0.172556
173,0.166559,0.160201,0.162475,0.155589,0.183427,0.171749
174,0.172397,0.1714,0.159494,0.15002,0.171061,0.175627
175,0.16837,0.161404,0.160914,0.155448,0.181978,0.171887
176,0.161432,0.157131,0.165714,0.155444,0.188204,0.172075
177,0.162001,0.157179,0.165322,0.156066,0.186783,0.172649
178,0.174787,0.168613,0.15404,0.153424,0.176109,0.173027
179,0.161917,0.157304,0.165304,0.156055,0.186743,0.172678
180,0.16197,0.157246,0.165306,0.156446,0.186437,0.172594
181,0.158771,0.154471,0.166693,0.15516,0.192071,0.172833
182,0.161817,0.157032,0.165358,0.156048,0.187242,0.172503
183,0.158454,0.15453,0.166184,0.155005,0.192973,0.172855
184,0.165065,0.15864,0.164237,0.155689,0.183777,0.172591
185,0.16071,0.156212,0.165917,0.155507,0.189054,0.172599
186,0.172397,0.1714,0.159494,0.15002,0.171061,0.175627
187,0.166645,0.160027,0.162635,0.155289,0.183126,0.172277
188,0.174787,0.168613,0.15404,0.153424,0.176109,0.173027
189,0.172397,0.1714,0.159494,0.15002,0.171061,0.175627
190,0.166599,0.159992,0.16269,0.155499,0.18316,0.172059
191,0.161933,0.157045,0.165432,0.156074,0.187005,0.172512
192,0.167204,0.159715,0.16243,0.155664,0.182259,0.172729
193,0.165094,0.158607,0.164122,0.155442,0.183976,0.172758
194,0.174787,0.168613,0.15404,0.153424,0.176109,0.173027
195,0.163393,0.15797,0.164784,0.156105,0.185164,0.172584
196,0.160448,0.156045,0.166007,0.155524,0.189535,0.172441
197,0.163098,0.158065,0.164879,0.155764,0.185955,0.17224
198,0.161175,0.156621,0.165644,0.155846,0.1881,0.172614
199,0.166628,0.159922,0.162707,0.155538,0.18297,0.172235
200,0.174787,0.168613,0.15404,0.153424,0.176109,0.173027
201,0.174787,0.168613,0.15404,0.153424,0.176109,0.173027
202,0.158668,0.154187,0.166668,0.154902,0.192757,0.172818
203,0.174787,0.168613,0.15404,0.153424,0.176109,0.173027
204,0.162214,0.157121,0.165143,0.156321,0.186442,0.172759
205,0.160641,0.156427,0.165527,0.155963,0.188729,0.172714
206,0.158665,0.154762,0.166311,0.155307,0.192041,0.172914
207,0.158442,0.15444,0.166442,0.154992,0.192833,0.17285
208,0.166725,0.15988,0.162571,0.155524,0.182934,0.172366
209,0.157995,0.154083,0.16697,0.154402,0.19438,0.17217
210,0.172397,0.1714,0.159494,0.15002,0.171061,0.175627
211,0.16327,0.158168,0.164719,0.155748,0.185271,0.172824
212,0.1668,0.159783,0.162632,0.15562,0.182795,0.172371
213,0.172397,0.1714,0.159494,0.15002,0.171061,0.175627
214,0.172397,0.1714,0.159494,0.15002,0.171061,0.175627
215,0.172397,0.1714,0.159494,0.15002,0.171061,0.175627
216,0.161871,0.156968,0.165404,0.155936,0.187238,0.172583
217,0.162122,0.157006,0.16528,0.156162,0.186814,0.172616
218,0.174787,0.168613,0.15404,0.153424,0.176109,0.173027
219,0.169632,0.162258,0.15964,0.155244,0.181192,0.172034
220,0.158417,0.154494,0.16664,0.154928,0.192692,0.17283
221,0.166639,0.160177,0.162463,0.155603,0.183219,0.1719
222,0.160651,0.156352,0.165926,0.15539,0.189065,0.172616
223,0.160653,0.156328,0.165776,0.155484,0.18906,0.1727
224,0.158793,0.154973,0.165821,0.157202,0.190243,0.172968
225,0.158181,0.154129,0.166696,0.154755,0.193859,0.17238
226,0.174787,0.168613,0.15404,0.153424,0.176109,0.173027
227,0.166711,0.160032,0.162612,0.155463,0.182943,0.172239
228,0.160952,0.156638,0.165806,0.155599,0.188742,0.172263
229,0.16693,0.159991,0.162496,0.155266,0.1828,0.172517
230,0.174787,0.168613,0.15404,0.153424,0.176109,0.173027
231,0.160529,0.156232,0.165833,0.155544,0.189314,0.172548
232,0.163511,0.157922,0.164819,0.156029,0.184979,0.17274
233,0.172397,0.1714,0.159494,0.15002,0.171061,0.175627
234,0.166427,0.160203,0.162667,0.155321,0.183772,0.171611
235,0.166423,0.160159,0.162441,0.155662,0.183533,0.171783
236,0.174787,0.168613,0.15404,0.153424,0.176109,0.173027
237,0.158852,0.155083,0.16646,0.155197,0.191112,0.173296
238,0.16489,0.158829,0.164242,0.155422,0.184526,0.172092
239,0.163376,0.15806,0.164622,0.155964,0.185267,0.17271
240,0.174787,0.168613,0.15404,0.153424,0.176109,0.173027
241,0.166736,0.159971,0.162741,0.155387,0.182515,0.17265
242,0.165433,0.159137,0.163693,0.155462,0.183921,0.172354
243,0.166303,0.160435,0.162532,0.155463,0.183959,0.171308
244,0.161264,0.156552,0.165599,0.155928,0.187993,0.172664
245,0.16331,0.15798,0.164831,0.155844,0.185129,0.172906
246,0.174787,0.168613,0.15404,0.153424,0.176109,0.173027
247,0.160894,0.156612,0.165805,0.15559,0.188688,0.172411
248,0.163506,0.157947,0.164606,0.156136,0.184962,0.172844
249,0.158537,0.154881,0.166725,0.154925,0.191831,0.173101
250,0.158879,0.154877,0.166738,0.155237,0.191648,0.172622
251,0.162146,0.157137,0.165243,0.156263,0.186545,0.172665
252,0.169442,0.162092,0.159737,0.155385,0.181062,0.172282
253,0.174787,0.168613,0.15404,0.153424,0.176109,0.173027
254,0.163257,0.158021,0.164897,0.155909,0.185322,0.172595
255,0.165152,0.158503,0.164329,0.155463,0.183799,0.172754
256,0.158911,0.154664,0.166498,0.154948,0.191926,0.173054
257,0.161763,0.156981,0.165378,0.156059,0.1873,0.172518
258,0.161989,0.157153,0.165246,0.155932,0.187042,0.172639
259,0.158501,0.154329,0.166655,0.154868,0.192887,0.172762
260,0.163368,0.157959,0.164627,0.156112,0.18516,0.172774
261,0.158882,0.154653,0.16653,0.155224,0.191866,0.172845
262,0.16354,0.157991,0.16463,0.156329,0.184644,0.172865
263,0.162022,0.157211,0.165097,0.156296,0.186709,0.172664
264,0.158672,0.155509,0.165762,0.155941,0.19066,0.173456
265,0.158797,0.154601,0.166284,0.155103,0.192078,0.173137
266,0.15877,0.154842,0.165853,0.155783,0.191725,0.173026
267,0.158768,0.154438,0.166423,0.155158,0.19226,0.172952
268,0.158747,0.154521,0.166465,0.155337,0.192152,0.172778
269,0.161837,0.157345,0.165207,0.156168,0.186785,0.172658
270,0.172397,0.1714,0.159494,0.15002,0.171061,0.175627
271,0.158856,0.154574,0.166295,0.155333,0.192045,0.172896
272,0.162013,0.157089,0.165263,0.156034,0.18696,0.172642
273,0.172397,0.1714,0.159494,0.15002,0.171061,0.175627
274,0.174787,0.168613,0.15404,0.153424,0.176109,0.173027
275,0.172397,0.1714,0.159494,0.15002,0.171061,0.175627
276,0.169612,0.16228,0.159757,0.155265,0.181111,0.171975
277,0.164862,0.15878,0.164314,0.155395,0.184173,0.172476
278,0.158558,0.154432,0.166531,0.154984,0.192738,0.172756
279,0.174787,0.168613,0.15404,0.153424,0.176109,0.173027
280,0.161133,0.156592,0.165652,0.15588,0.188178,0.172564
281,0.163158,0.15797,0.165047,0.155971,0.185308,0.172547
282,0.163455,0.157988,0.16454,0.156148,0.184858,0.173011
283,0.158606,0.154611,0.16613,0.15557,0.192198,0.172885
284,0.172397,0.1714,0.159494,0.15002,0.171061,0.175627
285,0.172397,0.1714,0.159494,0.15002,0.171061,0.175627
286,0.166706,0.160293,0.162327,0.155543,0.183604,0.171527
287,0.158792,0.15431,0.166576,0.154956,0.192563,0.172803
288,0.161979,0.157355,0.16527,0.156185,0.186444,0.172766
289,0.166648,0.160129,0.162594,0.155252,0.183374,0.172002
290,0.163199,0.157916,0.164915,0.155885,0.185424,0.172661
291,0.162306,0.157119,0.165207,0.156342,0.186435,0.172592
292,0.169379,0.162642,0.159757,0.155363,0.181533,0.171325
293,0.161899,0.15709,0.165302,0.156079,0.187167,0.172463
294,0.172397,0.1714,0.159494,0.15002,0.171061,0.175627
295,0.166448,0.160176,0.162717,0.155389,0.18363,0.171641
296,0.163601,0.158012,0.164492,0.156111,0.18466,0.173123
297,0.158889,0.15456,0.166333,0.155118,0.192244,0.172856
298,0.158667,0.154694,0.166436,0.155134,0.192211,0.172858
299,0.160178,0.155929,0.166039,0.15542,0.189818,0.172616
300,0.172397,0.1714,0.159494,0.15002,0.171061,0.175627
301,0.172397,0.1714,0.159494,0.15002,0.171061,0.175627
302,0.172397,0.1714,0.159494,0.15002,0.171061,0.175627
303,0.158225,0.153989,0.166767,0.154691,0.193809,0.172519
304,0.160548,0.156121,0.166085,0.155622,0.189104,0.172521
305,0.174787,0.168613,0.15404,0.153424,0.176109,0.173027
306,0.169536,0.162234,0.159705,0.155313,0.18122,0.171992
307,0.166808,0.15995,0.162634,0.155235,0.183059,0.172312
308,0.163268,0.158095,0.165099,0.155501,0.186035,0.172003
309,0.172397,0.1714,0.159494,0.15002,0.171061,0.175627
310,0.160461,0.156238,0.166037,0.155466,0.189276,0.172522
311,0.162593,0.157505,0.16513,0.155985,0.186062,0.172725
312,0.164814,0.158812,0.164018,0.155647,0.184172,0.172536
313,0.16199,0.157135,0.165362,0.156104,0.186891,0.172517
314,0.164936,0.158566,0.164109,0.155927,0.183698,0.172765
315,0.16323,0.15767,0.16508,0.155976,0.185302,0.172742
316,0.172397,0.1714,0.159494,0.15002,0.171061,0.175627
317,0.161216,0.156667,0.165479,0.156004,0.187951,0.172683
318,0.158257,0.154292,0.166477,0.154949,0.193288,0.172736
319,0.172397,0.1714,0.159494,0.15002,0.171061,0.175627
320,0.158639,0.154392,0.16662,0.154897,0.192501,0.172951
321,0.174787,0.168613,0.15404,0.153424,0.176109,0.173027
322,0.162033,0.157224,0.165172,0.156038,0.186848,0.172685
323,0.166614,0.160079,0.162715,0.155357,0.183194,0.172041
324,0.172397,0.1714,0.159494,0.15002,0.171061,0.175627
325,0.172397,0.1714,0.159494,0.15002,0.171061,0.175627
326,0.158926,0.15476,0.166697,0.155161,0.191572,0.172883
327,0.16109,0.156551,0.16581,0.155691,0.188333,0.172525
328,0.161949,0.157146,0.165361,0.156102,0.187017,0.172426
329,0.174787,0.168613,0.15404,0.153424,0.176109,0.173027
330,0.166682,0.160073,0.162651,0.155362,0.183144,0.172088
331,0.174787,0.168613,0.15404,0.153424,0.176109,0.173027
332,0.166283,0.160333,0.162547,0.155463,0.18379,0.171582
333,0.158712,0.154545,0.166357,0.155076,0.192376,0.172934
334,0.172397,0.1714,0.159494,0.15002,0.171061,0.175627
335,0.166561,0.16013,0.16264,0.155418,0.183509,0.171743
336,0.163235,0.158033,0.164779,0.155937,0.185251,0.172764
337,0.161836,0.15741,0.165244,0.156025,0.186774,0.172711
338,0.158509,0.15474,0.166236,0.155655,0.1921,0.17276
339,0.174787,0.168613,0.15404,0.153424,0.176109,0.173027
340,0.166745,0.159891,0.162708,0.155486,0.182928,0.172242
341,0.158427,0.15434,0.16662,0.154967,0.192787,0.172858
342,0.158294,0.154211,0.166836,0.154974,0.192978,0.172706
343,0.1618,0.157046,0.165381,0.155996,0.187122,0.172653
344,0.172397,0.1714,0.159494,0.15002,0.171061,0.175627
345,0.166625,0.159939,0.162714,0.155327,0.183106,0.17229
346,0.162145,0.157097,0.165357,0.156027,0.186765,0.172609
347,0.169588,0.162423,0.159761,0.155082,0.181365,0.171782
348,0.172397,0.1714,0.159494,0.15002,0.171061,0.175627
349,0.158675,0.154639,0.166469,0.155159,0.192203,0.172855
350,0.172397,0.1714,0.159494,0.15002,0.171061,0.175627
351,0.174787,0.168613,0.15404,0.153424,0.176109,0.173027
352,0.172397,0.1714,0.159494,0.15002,0.171061,0.175627
353,0.172397,0.1714,0.159494,0.15002,0.171061,0.175627
354,0.164988,0.158722,0.164146,0.155674,0.183865,0.172605
355,0.16979,0.162047,0.159732,0.155335,0.180792,0.172304
356,0.174787,0.168613,0.15404,0.153424,0.176109,0.173027
357,0.166579,0.160023,0.162556,0.155464,0.183206,0.172173
358,0.174787,0.168613,0.15404,0.153424,0.176109,0.173027
359,0.174787,0.168613,0.15404,0.153424,0.176109,0.173027
360,0.158695,0.154685,0.166407,0.155063,0.192191,0.172959
361,0.162281,0.157114,0.165134,0.156241,0.186547,0.172682
362,0.166406,0.160206,0.16281,0.155273,0.183734,0.171571
363,0.174787,0.168613,0.15404,0.153424,0.176109,0.173027
364,0.15868,0.154735,0.166317,0.155142,0.192214,0.172912
365,0.163165,0.158106,0.164702,0.156071,0.185747,0.17221
366,0.161875,0.157103,0.165452,0.155959,0.187067,0.172545
367,0.162426,0.15732,0.165436,0.156038,0.186347,0.172433
368,0.163314,0.157976,0.164782,0.155903,0.185287,0.172739
369,0.172397,0.1714,0.159494,0.15002,0.171061,0.175627
370,0.174787,0.168613,0.15404,0.153424,0.176109,0.173027
371,0.172397,0.1714,0.159494,0.15002,0.171061,0.175627
372,0.174787,0.168613,0.15404,0.153424,0.176109,0.173027
373,0.161838,0.157154,0.165266,0.156067,0.187265,0.172409
374,0.1606,0.156272,0.165811,0.155608,0.189134,0.172576
375,0.166783,0.159843,0.162768,0.155461,0.182897,0.172249
376,0.158551,0.154486,0.166326,0.15514,0.192821,0.172677
377,0.172397,0.1714,0.159494,0.15002,0.171061,0.175627
378,0.158586,0.154423,0.166695,0.154854,0.192728,0.172715
379,0.158566,0.154595,0.166642,0.154925,0.192316,0.172956
380,0.159017,0.154777,0.166144,0.155477,0.191357,0.173228
381,0.160661,0.156231,0.16577,0.155841,0.188902,0.172594
382,0.172397,0.1714,0.159494,0.15002,0.171061,0.175627
383,0.158687,0.154293,0.166442,0.154824,0.193015,0.172738
384,0.158842,0.154771,0.166236,0.155281,0.191747,0.173124
385,0.162379,0.157527,0.165133,0.156075,0.186236,0.172651
386,0.172397,0.1714,0.159494,0.15002,0.171061,0.175627
387,0.164805,0.158779,0.163978,0.155642,0.184062,0.172734
388,0.158816,0.154405,0.16644,0.155248,0.192404,0.172688
389,0.163333,0.157903,0.164784,0.15609,0.18519,0.1727
390,0.158376,0.154204,0.166767,0.154831,0.193165,0.172657
391,0.169402,0.162474,0.159725,0.155185,0.181467,0.171747
392,0.174787,0.168613,0.15404,0.153424,0.176109,0.173027
393,0.158884,0.154622,0.16667,0.154679,0.192331,0.172814
394,0.166833,0.159856,0.162618,0.155327,0.182784,0.172583
395,0.161926,0.15719,0.1652,0.15608,0.186986,0.172618
396,0.174787,0.168613,0.15404,0.153424,0.176109,0.173027
397,0.15919,0.154715,0.165929,0.155447,0.191815,0.172904
398,0.166761,0.159979,0.162607,0.155304,0.182958,0.172391
399,0.162509,0.157386,0.165085,0.156279,0.186026,0.172716
400,0.172397,0.1714,0.159494,0.15002,0.171061,0.175627
401,0.174787,0.168613,0.15404,0.153424,0.176109,0.173027
402,0.174787,0.168613,0.15404,0.153424,0.176109,0.173027
403,0.16961,0.162469,0.15966,0.155162,0.181478,0.171621
404,0.172397,0.1714,0.159494,0.15002,0.171061,0.175627
405,0.160515,0.156226,0.166042,0.155377,0.189301,0.172538
406,0.158833,0.154634,0.166235,0.155218,0.192105,0.172975
407,0.163368,0.157978,0.164581,0.156209,0.184991,0.172874
408,0.166575,0.160075,0.162604,0.155393,0.183614,0.17174
409,0.16655,0.160135,0.162506,0.155222,0.183464,0.172123
410,0.174787,0.168613,0.15404,0.153424,0.176109,0.173027
411,0.158044,0.154169,0.166899,0.154739,0.193833,0.172317
412,0.174787,0.168613,0.15404,0.153424,0.176109,0.173027
413,0.158712,0.154606,0.166404,0.154875,0.192299,0.173104
414,0.163177,0.158109,0.164632,0.15604,0.185197,0.172845
415,0.163404,0.158028,0.16455,0.1559,0.184956,0.173162
416,0.161238,0.15664,0.165593,0.156024,0.187956,0.172549
417,0.163191,0.15794,0.165054,0.155793,0.185606,0.172415
418,0.166711,0.159877,0.162622,0.155519,0.183043,0.172229
419,0.163307,0.158101,0.164763,0.155995,0.185219,0.172615
420,0.158696,0.154856,0.166639,0.154988,0.191907,0.172914
421,0.158322,0.154253,0.166614,0.154722,0.193118,0.172971
422,0.172397,0.1714,0.159494,0.15002,0.171061,0.175627
423,0.172397,0.1714,0.159494,0.15002,0.171061,0.175627
424,0.158516,0.154223,0.166668,0.154568,0.193007,0.173018
425,0.161015,0.156532,0.165818,0.155706,0.18843,0.1725
426,0.161008,0.156464,0.165715,0.155757,0.188456,0.1726
427,0.166628,0.1601,0.162643,0.15535,0.183331,0.171947
428,0.161293,0.156607,0.165537,0.156059,0.187851,0.172653
429,0.15909,0.154536,0.166086,0.15513,0.192206,0.172952
430,0.158518,0.154482,0.166453,0.154931,0.192889,0.172727
431,0.1632,0.158172,0.164783,0.155668,0.185824,0.172353
432,0.174787,0.168613,0.15404,0.153424,0.176109,0.173027
433,0.164999,0.158614,0.164243,0.155604,0.183996,0.172544
434,0.174787,0.168613,0.15404,0.153424,0.176109,0.173027
435,0.161853,0.157045,0.165572,0.15576,0.187331,0.172438
436,0.16328,0.158042,0.164733,0.155977,0.185438,0.172531
437,0.163401,0.15788,0.164765,0.155955,0.185176,0.172823
438,0.161861,0.157214,0.165277,0.155995,0.187044,0.172609
439,0.172397,0.1714,0.159494,0.15002,0.171061,0.175627
440,0.161813,0.157101,0.165402,0.156068,0.187092,0.172524
441,0.164919,0.15873,0.164105,0.155619,0.184148,0.172478
442,0.159032,0.154911,0.166129,0.155742,0.19125,0.172936
443,0.160403,0.156062,0.165982,0.155522,0.189414,0.172618
444,0.160773,0.156257,0.165745,0.155661,0.188851,0.172712
445,0.174787,0.168613,0.15404,0.153424,0.176109,0.173027
446,0.158879,0.154794,0.166649,0.155528,0.19137,0.172779
447,0.162981,0.158183,0.164881,0.15556,0.186291,0.172104
448,0.158601,0.154557,0.165996,0.155284,0.192612,0.172952
449,0.162701,0.157544,0.164883,0.156333,0.185825,0.172713
450,0.169536,0.162438,0.159708,0.155186,0.18143,0.171702
451,0.157483,0.154177,0.166697,0.15452,0.195535,0.171587
452,0.172397,0.1714,0.159494,0.15002,0.171061,0.175627
453,0.160809,0.156368,0.165559,0.155945,0.188586,0.172734
454,0.162915,0.158373,0.164799,0.155837,0.186346,0.17173
455,0.172397,0.1714,0.159494,0.15002,0.171061,0.175627
456,0.158588,0.15435,0.166376,0.154806,0.193197,0.172684
457,0.158727,0.154516,0.166499,0.155152,0.192335,0.17277
458,0.174787,0.168613,0.15404,0.153424,0.176109,0.173027
459,0.16163,0.15717,0.165466,0.155868,0.187552,0.172314
460,0.163321,0.157997,0.164764,0.155968,0.185314,0.172636
461,0.174787,0.168613,0.15404,0.153424,0.176109,0.173027
462,0.166643,0.16006,0.162585,0.155357,0.183152,0.172204
463,0.174787,0.168613,0.15404,0.153424,0.176109,0.173027
464,0.161215,0.156616,0.16551,0.155825,0.188207,0.172627
465,0.174787,0.168613,0.15404,0.153424,0.176109,0.173027
466,0.161362,0.156983,0.16533,0.156173,0.187532,0.17262
467,0.172397,0.1714,0.159494,0.15002,0.171061,0.175627
468,0.158834,0.154727,0.166483,0.155103,0.192018,0.172835
469,0.166857,0.159806,0.162403,0.155635,0.18292,0.172379
470,0.174787,0.168613,0.15404,0.153424,0.176109,0.173027
471,0.172397,0.1714,0.159494,0.15002,0.171061,0.175627
472,0.158607,0.154484,0.166475,0.155295,0.192698,0.172441
473,0.162519,0.157399,0.165297,0.156236,0.186052,0.172497
474,0.174787,0.168613,0.15404,0.153424,0.176109,0.173027
475,0.161898,0.157054,0.165473,0.156076,0.186982,0.172517
476,0.163652,0.158005,0.164328,0.15639,0.184596,0.173029
477,0.158829,0.154782,0.166297,0.15547,0.191726,0.172897
478,0.161866,0.15713,0.165377,0.155926,0.187303,0.172398
479,0.158729,0.154601,0.166454,0.155059,0.192132,0.173025
480,0.163516,0.157958,0.164417,0.156631,0.18457,0.172908
481,0.161606,0.156663,0.16541,0.156232,0.187412,0.172678
482,0.158941,0.154715,0.166182,0.1556,0.191552,0.173011
483,0.174787,0.168613,0.15404,0.153424,0.176109,0.173027
484,0.161902,0.157008,0.165637,0.155743,0.187286,0.172425
485,0.161029,0.156562,0.165643,0.1556,0.188517,0.17265
486,0.161094,0.156524,0.165864,0.155524,0.188426,0.172568
487,0.161999,0.157029,0.1653,0.156195,0.187036,0.172441
488,0.172397,0.1714,0.159494,0.15002,0.171061,0.175627
489,0.166493,0.160025,0.162868,0.155167,0.183774,0.171674
490,0.172397,0.1714,0.159494,0.15002,0.171061,0.175627
491,0.161076,0.156613,0.165814,0.155761,0.188186,0.17255
492,0.158575,0.15436,0.166707,0.155048,0.1924,0.17291
493,0.157492,0.15429,0.166592,0.15509,0.194095,0.172441
494,0.160452,0.156283,0.165873,0.155498,0.189398,0.172495
495,0.166353,0.160255,0.162656,0.155369,0.183917,0.17145
496,0.163336,0.158024,0.164568,0.156051,0.184954,0.173068
497,0.161715,0.157117,0.165643,0.155843,0.187316,0.172365
498,0.159891,0.155562,0.166311,0.15538,0.190341,0.172515
499,0.161472,0.156695,0.165378,0.156247,0.187649,0.172559
500,0.161058,0.156702,0.165623,0.155674,0.188313,0.172629
501,0.15857,0.1544,0.166465,0.155169,0.192679,0.172717
502,0.158426,0.154473,0.166628,0.155003,0.19293,0.17254
503,0.16477,0.158984,0.164196,0.155442,0.184539,0.172069
504,0.172397,0.1714,0.159494,0.15002,0.171061,0.175627
505,0.16331,0.157929,0.164811,0.156181,0.185192,0.172576
506,0.165016,0.158731,0.164257,0.155479,0.18401,0.172506
507,0.172397,0.1714,0.159494,0.15002,0.171061,0.175627
508,0.172397,0.1714,0.159494,0.15002,0.171061,0.175627
509,0.174787,0.168613,0.15404,0.153424,0.176109,0.173027
510,0.172397,0.1714,0.159494,0.15002,0.171061,0.175627
511,0.166773,0.159913,0.162448,0.155887,0.182714,0.172265
512,0.166725,0.159862,0.162728,0.155304,0.183095,0.172286
513,0.166039,0.160373,0.162692,0.155241,0.184318,0.171337
514,0.174787,0.168613,0.15404,0.153424,0.176109,0.173027
515,0.172397,0.1714,0.159494,0.15002,0.171061,0.175627
516,0.163277,0.158087,0.164903,0.155966,0.185263,0.172505
517,0.160709,0.156204,0.165905,0.155761,0.188839,0.172582
518,0.158493,0.154655,0.166168,0.155261,0.192633,0.172789
519,0.165532,0.158915,0.163763,0.155612,0.183431,0.172747
520,0.160094,0.155952,0.166243,0.155207,0.189947,0.172556
521,0.158978,0.154962,0.166516,0.155276,0.191498,0.172771
522,0.172397,0.1714,0.159494,0.15002,0.171061,0.175627
523,0.163479,0.158008,0.164576,0.156347,0.184799,0.172791
524,0.15849,0.154394,0.1666,0.154884,0.192902,0.17273
525,0.169529,0.162266,0.159708,0.155311,0.181301,0.171885
526,0.174787,0.168613,0.15404,0.153424,0.176109,0.173027
527,0.166519,0.16006,0.162554,0.155374,0.183215,0.172279
528,0.157615,0.154215,0.166926,0.1544,0.195285,0.171559
529,0.165151,0.158586,0.164177,0.155662,0.183903,0.17252
530,0.166119,0.160525,0.162779,0.155261,0.184515,0.170801
531,0.163505,0.157932,0.164712,0.156148,0.184914,0.172788
532,0.174787,0.168613,0.15404,0.153424,0.176109,0.173027
533,0.169545,0.162297,0.159689,0.155278,0.181225,0.171966
534,0.164977,0.158657,0.164029,0.155707,0.18406,0.17257
535,0.174787,0.168613,0.15404,0.153424,0.176109,0.173027
536,0.169453,0.162526,0.159706,0.155148,0.18146,0.171706
537,0.168272,0.161457,0.161038,0.155291,0.182327,0.171615
538,0.161136,0.156587,0.165782,0.155866,0.188054,0.172575
539,0.163177,0.15787,0.164939,0.156037,0.185463,0.172514
540,0.162025,0.157178,0.165373,0.155984,0.186775,0.172664
541,0.163508,0.157956,0.164681,0.156256,0.184717,0.172881
542,0.161866,0.15721,0.165194,0.156192,0.186956,0.172583
543,0.158482,0.154361,0.166693,0.154666,0.193014,0.172784
544,0.167855,0.16096,0.161561,0.155257,0.182374,0.171992
545,0.172397,0.1714,0.159494,0.15002,0.171061,0.175627
546,0.162873,0.158254,0.16482,0.156068,0.186385,0.1716
547,0.163199,0.158099,0.164943,0.155867,0.185642,0.172251
548,0.169341,0.162525,0.159605,0.155378,0.181534,0.171618
549,0.168281,0.161379,0.161086,0.155189,0.182201,0.171862
550,0.166552,0.15991,0.162603,0.15532,0.184044,0.17157
551,0.174787,0.168613,0.15404,0.153424,0.176109,0.173027
552,0.174787,0.168613,0.15404,0.153424,0.176109,0.173027
553,0.160766,0.156373,0.165623,0.155958,0.188638,0.172642
554,0.174787,0.168613,0.15404,0.153424,0.176109,0.173027
555,0.174787,0.168613,0.15404,0.153424,0.176109,0.173027
556,0.172397,0.1714,0.159494,0.15002,0.171061,0.175627
557,0.161252,0.156425,0.16565,0.155891,0.188267,0.172516
558,0.161135,0.156497,0.165825,0.155568,0.188439,0.172537
559,0.172397,0.1714,0.159494,0.15002,0.171061,0.175627
560,0.15869,0.154575,0.166593,0.15522,0.192081,0.172841
561,0.174787,0.168613,0.15404,0.153424,0.176109,0.173027
562,0.16321,0.158007,0.16476,0.15582,0.185617,0.172586
563,0.161071,0.156595,0.165742,0.155656,0.188445,0.172491
564,0.158687,0.154326,0.166595,0.154968,0.192456,0.172966
565,0.158527,0.154437,0.166306,0.155196,0.19268,0.172853
566,0.166602,0.15997,0.162697,0.155699,0.182958,0.172075
567,0.161918,0.157098,0.165312,0.155966,0.187038,0.172668
568,0.172397,0.1714,0.159494,0.15002,0.171061,0.175627
569,0.158972,0.154995,0.166151,0.155368,0.191262,0.173252
570,0.160252,0.156085,0.165899,0.155469,0.189663,0.172631
571,0.164995,0.158615,0.164373,0.155514,0.184075,0.172429
572,0.161135,0.156515,0.165863,0.15559,0.188397,0.1725
573,0.172397,0.1714,0.159494,0.15002,0.171061,0.175627
574,0.174787,0.168613,0.15404,0.153424,0.176109,0.173027
575,0.163528,0.157825,0.164642,0.156215,0.184928,0.172861
576,0.158766,0.15453,0.166553,0.154934,0.192356,0.172861
577,0.158555,0.15423,0.166667,0.154504,0.193071,0.172974
578,0.158009,0.153795,0.166755,0.15476,0.194453,0.172228
579,0.163317,0.15781,0.164917,0.155949,0.1855,0.172507
580,0.160133,0.155899,0.166185,0.155388,0.189843,0.172552
581,0.161723,0.157063,0.16539,0.155905,0.187671,0.172248
582,0.174787,0.168613,0.15404,0.153424,0.176109,0.173027
583,0.16671,0.159875,0.162718,0.155386,0.182913,0.172399
584,0.172397,0.1714,0.159494,0.15002,0.171061,0.175627
585,0.158685,0.154515,0.166406,0.155258,0.192361,0.172775
586,0.172397,0.1714,0.159494,0.15002,0.171061,0.175627
587,0.160713,0.156301,0.165959,0.155546,0.188885,0.172597
588,0.158545,0.154405,0.166628,0.154869,0.192753,0.1728
589,0.169649,0.162204,0.15973,0.155339,0.180975,0.172102
590,0.174787,0.168613,0.15404,0.153424,0.176109,0.173027
591,0.158625,0.15423,0.166519,0.154885,0.192983,0.172758
592,0.162059,0.157057,0.165426,0.156054,0.186854,0.17255
593,0.162355,0.15742,0.165297,0.156047,0.186521,0.17236
594,0.158802,0.15464,0.166321,0.155285,0.191863,0.173088
595,0.166293,0.160308,0.162689,0.155287,0.18393,0.171492
596,0.163576,0.157875,0.164785,0.156177,0.184768,0.172819
597,0.172397,0.1714,0.159494,0.15002,0.171061,0.175627
598,0.158841,0.154404,0.16664,0.154935,0.192479,0.1727
599,0.160247,0.155664,0.166097,0.155568,0.189811,0.172612
600,0.158879,0.154458,0.166529,0.154955,0.19234,0.17284
601,0.169404,0.162564,0.159648,0.155391,0.181202,0.171791
602,0.166622,0.159978,0.162618,0.155485,0.182985,0.172313
603,0.166707,0.160042,0.16254,0.155436,0.183241,0.172034
604,0.174787,0.168613,0.15404,0.153424,0.176109,0.173027
605,0.161995,0.15724,0.165231,0.156194,0.186655,0.172686
606,0.158456,0.154477,0.166431,0.15486,0.192979,0.172797
607,0.158681,0.154754,0.166585,0.155203,0.191929,0.172848
608,0.158829,0.15471,0.166318,0.155132,0.192018,0.172993
609,0.172397,0.1714,0.159494,0.15002,0.171061,0.175627
610,0.158629,0.154546,0.166608,0.155087,0.192512,0.172617
611,0.161189,0.156657,0.1655,0.155935,0.188125,0.172594
612,0.172397,0.1714,0.159494,0.15002,0.171061,0.175627
613,0.158676,0.154627,0.16656,0.154863,0.19234,0.172935
614,0.162028,0.157267,0.165144,0.156262,0.186547,0.172752
615,0.16211,0.157227,0.165021,0.156551,0.18639,0.172701
616,0.174787,0.168613,0.15404,0.153424,0.176109,0.173027
617,0.158814,0.154718,0.166487,0.155638,0.191478,0.172864
618,0.166614,0.160097,0.162522,0.155454,0.183159,0.172156
619,0.163232,0.158003,0.164804,0.155999,0.185625,0.172337
620,0.163255,0.157988,0.165049,0.155875,0.185458,0.172374
621,0.158731,0.154792,0.166308,0.155278,0.192019,0.172872
622,0.162732,0.157531,0.164981,0.156271,0.185753,0.172732
623,0.166657,0.159949,0.162645,0.15538,0.183077,0.172293
624,0.160412,0.156079,0.166027,0.155589,0.189527,0.172366
625,0.174787,0.168613,0.15404,0.153424,0.176109,0.173027
626,0.160969,0.156568,0.165864,0.155657,0.188582,0.17236
627,0.166678,0.1604,0.16231,0.155549,0.182986,0.172077
628,0.174787,0.168613,0.15404,0.153424,0.176109,0.173027
629,0.163166,0.158015,0.164924,0.155949,0.185525,0.172421
630,0.15878,0.15462,0.166579,0.155025,0.192144,0.172852
631,0.172397,0.1714,0.159494,0.15002,0.171061,0.175627
632,0.161203,0.156553,0.165706,0.155877,0.188113,0.172548
633,0.158906,0.154933,0.166163,0.155447,0.191349,0.173203
634,0.174787,0.168613,0.15404,0.153424,0.176109,0.173027
635,0.158634,0.154534,0.166455,0.155048,0.192593,0.172735
636,0.15879,0.154824,0.166597,0.155301,0.191525,0.172962
637,0.166615,0.160094,0.162601,0.155467,0.183096,0.172126
638,0.163178,0.158086,0.164976,0.155888,0.185625,0.172247
639,0.163179,0.158112,0.164848,0.156226,0.18505,0.172584
640,0.163784,0.158146,0.164304,0.156299,0.18434,0.173126
641,0.161279,0.1568,0.16541,0.155922,0.187802,0.172787
642,0.166613,0.159781,0.162984,0.155346,0.183041,0.172235
643,0.163502,0.157969,0.164672,0.156291,0.184692,0.172874
644,0.169486,0.162461,0.159763,0.155215,0.181334,0.171741
645,0.164698,0.158846,0.164207,0.155564,0.184515,0.172169
646,0.158582,0.154608,0.166713,0.154792,0.192416,0.172889
647,0.158704,0.154408,0.166845,0.154806,0.192725,0.172512
648,0.174787,0.168613,0.15404,0.153424,0.176109,0.173027
649,0.162056,0.157115,0.165336,0.156178,0.186732,0.172583
650,0.166814,0.159742,0.162719,0.155556,0.182681,0.172488
651,0.164659,0.158853,0.164295,0.155589,0.184722,0.171881
652,0.163371,0.158046,0.164688,0.155878,0.185316,0.172701
653,0.158568,0.154445,0.16648,0.155083,0.192417,0.173007
654,0.161659,0.156738,0.165326,0.15617,0.187398,0.17271
655,0.158992,0.154905,0.165871,0.156152,0.191085,0.172995
656,0.166588,0.160124,0.162621,0.155368,0.183195,0.172105
657,0.174787,0.168613,0.15404,0.153424,0.176109,0.173027
658,0.158497,0.154218,0.166595,0.155019,0.192804,0.172867
659,0.172397,0.1714,0.159494,0.15002,0.171061,0.175627
660,0.174787,0.168613,0.15404,0.153424,0.176109,0.173027
661,0.15884,0.154457,0.166345,0.155251,0.192406,0.172702
662,0.174787,0.168613,0.15404,0.153424,0.176109,0.173027
663,0.172397,0.1714,0.159494,0.15002,0.171061,0.175627
664,0.159013,0.155075,0.166215,0.155257,0.191253,0.173188
665,0.161024,0.156449,0.165708,0.1558,0.188485,0.172534
666,0.160068,0.155992,0.166193,0.155421,0.189986,0.17234
667,0.172397,0.1714,0.159494,0.15002,0.171061,0.175627
668,0.158714,0.154911,0.16621,0.15541,0.191422,0.173333
669,0.166682,0.159877,0.162901,0.155255,0.183231,0.172054
670,0.163514,0.157968,0.164513,0.156367,0.184687,0.172951
671,0.174787,0.168613,0.15404,0.153424,0.176109,0.173027
672,0.172397,0.1714,0.159494,0.15002,0.171061,0.175627
673,0.172397,0.1714,0.159494,0.15002,0.171061,0.175627
674,0.174787,0.168613,0.15404,0.153424,0.176109,0.173027
675,0.174787,0.168613,0.15404,0.153424,0.176109,0.173027
676,0.158921,0.154468,0.166727,0.1546,0.192674,0.172609
677,0.160295,0.155842,0.166183,0.155435,0.189805,0.172441
678,0.172397,0.1714,0.159494,0.15002,0.171061,0.175627
679,0.162011,0.157121,0.165152,0.156463,0.186587,0.172666
680,0.164895,0.158764,0.164048,0.155575,0.184143,0.172577
681,0.158779,0.154299,0.16642,0.155141,0.192587,0.172775
682,0.16259,0.157429,0.165119,0.156151,0.186027,0.172684
683,0.158755,0.15464,0.166376,0.155262,0.19205,0.172917
684,0.158471,0.154224,0.166708,0.154775,0.192969,0.172853
685,0.166832,0.15989,0.162661,0.155463,0.183193,0.17196
686,0.169517,0.162355,0.159634,0.155295,0.181367,0.171831
687,0.163264,0.158236,0.164736,0.155805,0.185473,0.172485
688,0.164807,0.158907,0.164112,0.155527,0.184364,0.172283
689,0.161285,0.156545,0.165536,0.15625,0.18771,0.172673
690,0.172397,0.1714,0.159494,0.15002,0.171061,0.175627
